# radius, density[g/cm^3], temperature[K], pressure[dyn/cm^2], energy_density [erg/cm^3]
2.121320343559643152e+04 6.675370760885856250e+14 2.182916468102817993e+11 3.132594321396636224e+34 6.630324375265186719e+35
2.378059562658442883e+04 6.675370760885856250e+14 2.182916468102817993e+11 3.132594321396636224e+34 6.630324375265186719e+35
2.665871423295608838e+04 6.675370760885856250e+14 2.182916468102817993e+11 3.132594321396636224e+34 6.630324375265186719e+35
2.988516586018282760e+04 6.675370760885856250e+14 2.182916468102817993e+11 3.132594321396636224e+34 6.630324375265186719e+35
3.350210856705687183e+04 6.675370760885856250e+14 2.182916468102817993e+11 3.132594321396636224e+34 6.630324375265186719e+35
3.755680271911319142e+04 6.675370760885856250e+14 2.182916468102817993e+11 3.132594321396636224e+34 6.630324375265186719e+35
4.210222851075618382e+04 6.675370760885856250e+14 2.182916468102817993e+11 3.132594321396636224e+34 6.630324375265186719e+35
4.719777822487075173e+04 6.675370760885856250e+14 2.182916468102817993e+11 3.132594321396636224e+34 6.630324375265186719e+35
5.291003227525065449e+04 6.675370760885856250e+14 2.182916468102817993e+11 3.132594321396636224e+34 6.630324375265186719e+35
5.931362917191060114e+04 6.675370760885856250e+14 2.182916468102817993e+11 3.132594321396636224e+34 6.630324375265186719e+35
6.649224077658640454e+04 6.675370760885856250e+14 2.182916468102817993e+11 3.132594321396636224e+34 6.630324375265186719e+35
7.453966559148470697e+04 6.675370760885856250e+14 2.182916468102817993e+11 3.132594321396636224e+34 6.630324375265186719e+35
8.356105436661449494e+04 6.675370760885856250e+14 2.182916468102817993e+11 3.132594321396636224e+34 6.630324375265186719e+35
9.367428403995929693e+04 6.675370760885856250e+14 2.182916468102817993e+11 3.132594321396636224e+34 6.630324375265186719e+35
1.050114979629172303e+05 7.039444090221023750e+14 2.214184386218289490e+11 3.187726405779299800e+34 7.009613800029271865e+35
1.177208325361926400e+05 6.940180213710345000e+14 2.210958975304320068e+11 3.167776624076713622e+34 6.904552680924061697e+35
1.319683528170223581e+05 6.987386556394231250e+14 2.201382020886323853e+11 3.135038517959309068e+34 6.950062648873328551e+35
1.479402223891321628e+05 6.725950097277623750e+14 2.208155659490490723e+11 3.096981980527315819e+34 6.678892707763522887e+35
1.658451358477724716e+05 6.455774145434555000e+14 2.232128128873632812e+11 3.035411904115878825e+34 6.397039697620373391e+35
1.859170456836262310e+05 6.268876342173181250e+14 2.285380484962804871e+11 2.978575393235832717e+34 6.205539549743161217e+35
2.084182191960976052e+05 6.042475049662670000e+14 2.324520593306315002e+11 2.929915738122031191e+34 5.972513323168809792e+35
2.336426653787889518e+05 5.793882923239592500e+14 2.366613172464213562e+11 2.856950293294830224e+34 5.713069752509930319e+35
2.619199765541753150e+05 5.394032602404179375e+14 2.429348395390003357e+11 2.758786520121638727e+34 5.298429530744663523e+35
2.936196349537433125e+05 5.061998006212376250e+14 2.511488102037086487e+11 2.657046905932544974e+34 4.954820999187965872e+35
3.291558405150418985e+05 4.632427843216690625e+14 2.628972179977132874e+11 2.530825905809752705e+34 4.513235363664332725e+35
3.689929229774837149e+05 4.255496175710462500e+14 2.731968056357482605e+11 2.399062403337579336e+34 4.126239341943330938e+35
4.136514089934412041e+05 3.964520115375413750e+14 2.823250438248928833e+11 2.254042652972183676e+34 3.828720916006264391e+35
4.637148235298267682e+05 3.757901087856491875e+14 2.906652567749290161e+11 2.104763687011160034e+34 3.619554922660047610e+35
5.198373144299089909e+05 3.601026050502981250e+14 3.005700687559021606e+11 1.938273481952562562e+34 3.463573099232688037e+35
5.827521997608062811e+05 3.392798723433850000e+14 3.157665024650119629e+11 1.729644318557931292e+34 3.259365555535827843e+35
6.532815496295948979e+05 3.134840597189098125e+14 3.337631428187590942e+11 1.508264362986076423e+34 3.010588402834581281e+35
7.323469276677437592e+05 2.788803438390091250e+14 3.563286984872536011e+11 1.273900024437438260e+34 2.681210519318323598e+35
8.209814325362137752e+05 2.335602924110624062e+14 3.763525938439348755e+11 1.040390816726472713e+34 2.250515605704423450e+35
9.203431967902033357e+05 1.885056035144390625e+14 3.874355476932195435e+11 8.252211364943709771e+33 1.820511819931195120e+35
1.031730519484856050e+06 1.533024978325540000e+14 3.817431636936714478e+11 6.317057992109749329e+33 1.479912276513557499e+35
1.156598830250432948e+06 1.254168161138292031e+14 3.569736488394965210e+11 4.611423582843607814e+33 1.205658815976064932e+35
1.296579706496025901e+06 1.007912310321811406e+14 3.181837270896153564e+11 3.170212762521300799e+33 9.626731451537050781e+34
1.453502192227979191e+06 7.745077873569939062e+13 2.720917046708002014e+11 2.037200958362173920e+33 7.346549814318783241e+34
1.629416697042852640e+06 5.522633343208028125e+13 2.206119934182440491e+11 1.193621280540862292e+33 5.203011620848363130e+34
1.826621787568382220e+06 3.634964904563138281e+13 1.701153857998396912e+11 6.332952104243516366e+32 3.402340195528813928e+34
2.047694221419758862e+06 2.271512918273714453e+13 1.267653647690749969e+11 3.065731836264199193e+32 2.112352667447834548e+34
2.295522616106368601e+06 1.275318593764830273e+13 9.361206471436320496e+10 1.263256675076736498e+32 1.178687509308725576e+34
2.573345192819998134e+06 5.713417555739247070e+12 7.298989677881637573e+10 4.088436019707733500e+31 5.254394784894815525e+33
2.884792088279280346e+06 1.925347452148100342e+12 6.115143670110926056e+10 1.090344920577405528e+31 1.765545896089314606e+33
3.233932787493249867e+06 5.421646161903182983e+11 5.425199247887764740e+10 2.609943490161878959e+30 4.963729401313953745e+32
3.625329297218786553e+06 1.374786031122440796e+11 4.925283852887338257e+10 6.173534359498338106e+29 1.258302123209516143e+32
4.064095754896790721e+06 3.431592578895213699e+10 4.513529810624497223e+10 1.703284423058576052e+29 3.146391958722442229e+31
4.555965251940357499e+06 9.417799863075349808e+09 4.264458578171769714e+10 6.392978720227033651e+28 8.683980340564491070e+30
5.107364744513775222e+06 4.050262723904374123e+09 3.961886999316266632e+10 3.446957441635566889e+28 3.755826465182122516e+30
5.725499030615453608e+06 2.575702976451624393e+09 3.621512032034048462e+10 2.192942423373979478e+28 2.389589695509896711e+30
6.418444890741654672e+06 1.833347113457888603e+09 3.225675028534780121e+10 1.369868978567436628e+28 1.696153825488091384e+30
7.195256622209104709e+06 1.239224484265712738e+09 2.751679978212636185e+10 7.910588004631534574e+27 1.143077643616226223e+30
8.066084346088672057e+06 7.522541342909492254e+08 2.205286514606464005e+10 4.369435411838601231e+27 6.928142820230816032e+29
9.042306632593922317e+06 4.997930949100897312e+08 1.847887247565869904e+10 2.616543418641133134e+27 4.595482088410836697e+29
1.013667917785904743e+07 2.912245038058125377e+08 1.359012487381752968e+10 1.160779946450438447e+27 2.667019389205886493e+29
1.136350147477415949e+07 5.761469138554858416e+07 7.047253325447147369e+09 5.753990345183831616e+25 5.203047984065330898e+28
1.273880365566308796e+07 4.167942113042044640e+07 6.555046156489610672e+09 2.177721833009590723e+25 3.754259567608611683e+28
1.428055594816213101e+07 3.565436190175704658e+07 6.372521120148508072e+09 1.832519762204283322e+25 3.211253839100288753e+28
1.600890348113094456e+07 3.074143852246325836e+07 6.203570611951609612e+09 1.558033714136551277e+25 2.768523177342707639e+28
1.794642950865996256e+07 2.563067465095896274e+07 5.995568119625712395e+09 1.274251995459323284e+25 2.308014669351158197e+28
2.011845049156035483e+07 2.185032308185635507e+07 5.801702038240684509e+09 1.067524021031597909e+25 1.967420601967745891e+28
2.255334689198510349e+07 1.871305629131548107e+07 5.615124377246233940e+09 8.973493971486802220e+24 1.684793779721219632e+28
2.528293400347074866e+07 1.598029516964890435e+07 5.423838938902345657e+09 7.498235775604545773e+24 1.438631555734086071e+28
2.834287766180820763e+07 1.348086559222251922e+07 5.209009448342916489e+09 6.166350803951068580e+24 1.213511480697977711e+28
3.177316026858077198e+07 1.154084514474559017e+07 5.017692609472011566e+09 5.134294287665576517e+24 1.038793347275066189e+28
3.561860321661198884e+07 9.814183602884078398e+06 4.809573746756818771e+09 4.228357270622256971e+24 8.833053705309611655e+27
3.992945254353544861e+07 8.359678827232586220e+06 4.610997693312806129e+09 3.475822083786721552e+24 7.523383206364377350e+27
4.476203546586182714e+07 7.108741186484642327e+06 4.405084241836647034e+09 2.839343984319657197e+24 6.397118032757724480e+27
5.017949637206985056e+07 6.064145671588225290e+06 4.210650327685558796e+09 2.319416956192424683e+24 5.456715180950463559e+27
5.625262189148956537e+07 5.169279850309711881e+06 4.013927915553611279e+09 1.886269401208999857e+24 4.651177365523818675e+27
6.306076581964648515e+07 4.451617002497198060e+06 3.838847501903073311e+09 1.549914638452937187e+24 4.005206724638275406e+27
7.069288598549611866e+07 3.790229705794475973e+06 3.652079566423006535e+09 1.252611479300371598e+24 3.409937271201243308e+27
7.924870660865625739e+07 3.242625398923099041e+06 3.482274392637172222e+09 1.016657027022256192e+24 2.917114165625559360e+27
8.884002133444379270e+07 2.767635603236510418e+06 3.312805060414147854e+09 8.223934506152079749e+23 2.489672683834126241e+27
9.959215397267252207e+07 2.364018695857876912e+06 3.156160705114223003e+09 6.649868443001288823e+23 2.126484850092190160e+27
1.116455960267876834e+08 2.028352971953846514e+06 3.007208814342804432e+09 5.413251458983877295e+23 1.824461559220199505e+27
1.251578424099241197e+08 1.750586234569966793e+06 2.874403392024876595e+09 4.436834597202144998e+23 1.574549315754046512e+27
1.403054493340600729e+08 1.500722276990868151e+06 2.738072181473314762e+09 3.607238331729078953e+23 1.349754581822082622e+27
1.572863412614371777e+08 1.289210166439471999e+06 2.613303875750436306e+09 2.937793443682601402e+23 1.159474059716400710e+27
1.763223970617634654e+08 1.107803949594442034e+06 2.491252232050810337e+09 2.395554558556300640e+23 9.962858321949364741e+26
1.976623491669248939e+08 9.544026625143192941e+05 2.379506853768569946e+09 1.958650619476869151e+23 8.582967581212968487e+26
2.215850336046719551e+08 8.238244927566514816e+05 2.271389551852925777e+09 1.606686023402197657e+23 7.408431175207712228e+26
2.484030333774843216e+08 7.160021555948919849e+05 2.175159892710254669e+09 1.329275583943672311e+23 6.438621496565284971e+26
2.784667627923894525e+08 6.193875691183083691e+05 2.076495767584288836e+09 1.092889101459205537e+23 5.569653173868124507e+26
3.121690461091647148e+08 5.372951848839662271e+05 1.985896777526327610e+09 9.007957300668361658e+22 4.831326551909947611e+26
3.499502503333223462e+08 4.651064550743020955e+05 1.894726313220420837e+09 7.404293629703267497e+22 4.182096146058645145e+26
3.923040392208800912e+08 4.034640334340781556e+05 1.812152649165639877e+09 6.109514545175209810e+22 3.627733525504283497e+26
4.397838236790173650e+08 2.763983979566303897e+05 1.702386082268900156e+09 5.104636080558829260e+22 2.485417177793176959e+26
4.930099928459868431e+08 2.020898892456917092e+05 1.387776163927451849e+09 4.464075594643100035e+22 1.817179949156707955e+26
5.526780203343701363e+08 1.880466136498703272e+05 1.351291934294064999e+09 4.046561108258936219e+22 1.690880049712737895e+26
6.195675515569924116e+08 1.753155172570213326e+05 1.318265652297538042e+09 3.675595793256784331e+22 1.576384172885267279e+26
6.945525908739602566e+08 1.613446591312104720e+05 1.280924482974322796e+09 3.282949260504802630e+22 1.450741863704775131e+26
7.786129216700139046e+08 1.488929886172613478e+05 1.247042843481935978e+09 2.948089892628317864e+22 1.338765252768202599e+26
8.728469085813741684e+08 1.357656581206702976e+05 1.219909985931385994e+09 2.642746736757560050e+22 1.220723739204306289e+26
9.784858491507868767e+08 1.230402296514530899e+05 1.198339472488507748e+09 2.375328721780339848e+22 1.106302694046429395e+26
1.096910062435165644e+09 1.118512372820619639e+05 1.165305273560208321e+09 2.104649379126751474e+22 1.005687581447106661e+26
1.229666924785650492e+09 1.012346224839169445e+05 1.131596317783212185e+09 1.853930094073989615e+22 9.102206637504847348e+25
1.378491088462559938e+09 9.307087163354572840e+04 1.105494620770074368e+09 1.668921864240158789e+22 8.368121168895861000e+25
1.545327147269533157e+09 8.490674052227882203e+04 1.078938825507825851e+09 1.491321886611058406e+22 7.634017382738760408e+25
1.732355045364548445e+09 8.489493051078150165e+04 1.092260022125728846e+09 1.522375625368183348e+22 7.633031807484997259e+25
